1. 3668, 800, 21.81%
2. 4922, 2031, 41.26%
3. 4397, 1827, 41.55%
4. 2931, 660, 22.52%
5. 6005, 1281, 21.33%
6. 4640, 1894, 40.82%
7. 3876, 1615, 41.67%
8. 3153, 684, 21.69%
9. 4046, 1688, 41.72%
10. 3049, 689, 22.60%
11. 4508, 1917, 42.52%
12. 4342, 947, 21.81%
13. 4885, 2010, 41.15%
14. 5217, 1122, 21.51%
15. 3782, 1619, 42.81%
16. 4795, 1012, 21.11%
17. 4975, 1082, 21.75%
18. 4016, 1686, 41.98%
19. 4276, 1761, 41.18%
20. 4620, 1006, 21.77%
21. 4456, 1954, 43.85%
22. 4016, 867, 21.59%
23. 4067, 1732, 42.59%
24. 3592, 1507, 41.95%
25. 3980, 1693, 42.54%
26. 5873, 1245, 21.20%
27. 5224, 1156, 22.13%
28. 4555, 1910, 41.93%
29. 4229, 912, 21.57%
30. 4749, 1052, 22.15%
31. 4169, 1748, 41.93%
32. 4491, 984, 21.91%
33. 4477, 1852, 41.37%
34. 4267, 947, 22.19%
35. 3851, 1659, 43.08%
36. 3948, 879, 22.26%
37. 4368, 1835, 42.01%
38. 4540, 998, 21.98%
39. 2783, 1224, 43.98%
40. 4645, 1002, 21.57%
41. 3916, 1653, 42.21%
42. 4617, 1018, 22.05%
43. 5345, 1151, 21.53%
44. 4217, 1778, 42.16%
45. 5464, 1170, 21.41%
46. 4955, 1080, 21.80%
47. 4825, 2004, 41.53%
48. 4360, 1823, 41.81%
49. 4374, 1859, 42.50%
50. 4682, 994, 21.23%
51. 5097, 2126, 41.71%
52. 5462, 1174, 21.49%
53. 5834, 2395, 41.05%
54. 7494, 1570, 20.95%
55. 5852, 2407, 41.13%
56. 6346, 1351, 21.29%
57. 6739, 2730, 40.51%
58. 6678, 1424, 21.32%
59. 5987, 2460, 41.09%
60. 6917, 1488, 21.51%
61. 8119, 3276, 40.35%
62. 7651, 1606, 20.99%
63. 6571, 2687, 40.89%
64. 8324, 1755, 21.08%
65. 9233, 3827, 41.45%
66. 11022, 2321, 21.06%
67. 8985, 1875, 20.87%
68. 7997, 1665, 20.82%
69. 7299, 1526, 20.91%
70. 7891, 3218, 40.78%
71. 10359, 4185, 40.40%
72. 8452, 3384, 40.04%
73. 7166, 2915, 40.68%
74. 6822, 1434, 21.02%
75. 6621, 1406, 21.24%
76. 7197, 1489, 20.69%
77. 6069, 1322, 21.78%
78. 9418, 1934, 20.54%
79. 5554, 2296, 41.34%
80. 5526, 2271, 41.10%
81. 5950, 2433, 40.89%
82. 4951, 2069, 41.79%
83. 6738, 1417, 21.03%
84. 8139, 1726, 21.21%
85. 5685, 1208, 21.25%
86. 6238, 1311, 21.02%
87. 6187, 2529, 40.88%
88. 5507, 2248, 40.82%
89. 7714, 3145, 40.77%
90. 6880, 2772, 40.29%
91. 6273, 1319, 21.03%
92. 6651, 1432, 21.53%
93. 6883, 1429, 20.76%
94. 6839, 1444, 21.11%
95. 7065, 2907, 41.15%
96. 6736, 2774, 41.18%
97. 5776, 2375, 41.12%
98. 7155, 2881, 40.27%
99. 6454, 1353, 20.96%
100. 7046, 1487, 21.10%
101. 7956, 1660, 20.86%
102. 7396, 3017, 40.79%
103. 7875, 1693, 21.50%
104. 6798, 2752, 40.48%
105. 6189, 2556, 41.30%
106. 5954, 2443, 41.03%
107. 8813, 1855, 21.05%
108. 6914, 1469, 21.25%
109. 7709, 1602, 20.78%
110. 7749, 1614, 20.83%
111. 8245, 3344, 40.56%
112. 5789, 2371, 40.96%
113. 7082, 2869, 40.51%
114. 6739, 2739, 40.64%
115. 9023, 1868, 20.70%
116. 7568, 1606, 21.22%
117. 8193, 1741, 21.25%
118. 8045, 3281, 40.78%
119. 9273, 3773, 40.69%
120. 8177, 3314, 40.53%
121. 7185, 1540, 21.43%
122. 7658, 1588, 20.74%
123. 9624, 1977, 20.54%
124. 7276, 1537, 21.12%
125. 6692, 2737, 40.90%
126. 7215, 2963, 41.07%
127. 8124, 3274, 40.30%
128. 6938, 2840, 40.93%
129. 8715, 1884, 21.62%
130. 7855, 1669, 21.25%
131. 8774, 3554, 40.51%
132. 7724, 3182, 41.20%
133. 6949, 1498, 21.56%
134. 7788, 1631, 20.94%
135. 7988, 1709, 21.39%
136. 6879, 2822, 41.02%
137. 7866, 3207, 40.77%
138. 7940, 3245, 40.87%
139. 8110, 1700, 20.96%
140. 6951, 1499, 21.57%
141. 7979, 3209, 40.22%
142. 7833, 3205, 40.92%
143. 7733, 1669, 21.58%
144. 6328, 1368, 21.62%
145. 8388, 3447, 41.09%
146. 8175, 3374, 41.27%
147. 7981, 3267, 40.93%
148. 7214, 2948, 40.86%
149. 6855, 1480, 21.59%
150. 6575, 1407, 21.40%
151. 6403, 1346, 21.02%
152. 6935, 1485, 21.41%
153. 6469, 1380, 21.33%
154. 6319, 2587, 40.94%
155. 7831, 3201, 40.88%
156. 7177, 2920, 40.69%
157. 6922, 2844, 41.09%
158. 6753, 2727, 40.38%
159. 6824, 2803, 41.08%
160. 6445, 2676, 41.52%
161. 6510, 1379, 21.18%
162. 6218, 1327, 21.34%
163. 6685, 1418, 21.21%
164. 7393, 1575, 21.30%
165. 6089, 2500, 41.06%
166. 8512, 3452, 40.55%
167. 7851, 3207, 40.85%
168. 7956, 1645, 20.68%
169. 6514, 1371, 21.05%
170. 6942, 1473, 21.22%
171. 6615, 2658, 40.18%
172. 7356, 2975, 40.44%
173. 6047, 1275, 21.08%
174. 7442, 3067, 41.21%
175. 7286, 1571, 21.56%
176. 7841, 1668, 21.27%
177. 6370, 1336, 20.97%
178. 8213, 3340, 40.67%
179. 5507, 1161, 21.08%
180. 6991, 2847, 40.72%
181. 7272, 2975, 40.91%
182. 7789, 1616, 20.75%
183. 7386, 3052, 41.32%
184. 8001, 3291, 41.13%
185. 7296, 3005, 41.19%
186. 6673, 1425, 21.35%
187. 7860, 1638, 20.84%
188. 8301, 1752, 21.11%
189. 8611, 3517, 40.84%
190. 6714, 1423, 21.19%
191. 8909, 3613, 40.55%
192. 8237, 3382, 41.06%
193. 7803, 1647, 21.11%
194. 8780, 1836, 20.91%
195. 7071, 1523, 21.54%
196. 8188, 3288, 40.16%
197. 7634, 3120, 40.87%
198. 8516, 1757, 20.63%
199. 8566, 3447, 40.24%
200. 7496, 1580, 21.08%
======================================================================================================================================================
1. 20%~30%,  [1,4,5,8,10,12,14,16,17,20,22,26,27,29,30,32,34,36,38,40,42,43,45,46,50,52,54,56,58,60,62,64,66,67,68,69,74,75,76,77,78,83,84,85,86,91,92,93,94,99,100,101,103,107,108,109,110,115,116,117,121,122,123,124,129,130,133,134,135,139,140,143,144,149,150,151,152,153,161,162,163,164,168,169,170,173,175,176,177,179,182,186,187,188,190,193,194,195,198,200],  100,  21.30%
2. 40%~50%,  [2,3,6,7,9,11,13,15,18,19,21,23,24,25,28,31,33,35,37,39,41,44,47,48,49,51,53,55,57,59,61,63,65,70,71,72,73,79,80,81,82,87,88,89,90,95,96,97,98,102,104,105,106,111,112,113,114,118,119,120,125,126,127,128,131,132,136,137,138,141,142,145,146,147,148,154,155,156,157,158,159,160,165,166,167,171,172,174,178,180,181,183,184,185,189,191,192,196,197,199],  100,  41.15%
======================================================================================================================================================
all instances: 200, 31.23%
